_viz_0 = nengo_gui.components.Slider(stim_gradient)
_viz_config[_viz_0].label_visible = False
_viz_config[_viz_0].width = 0.24112363380414473
_viz_config[_viz_0].x = -0.01673696910044272
_viz_config[_viz_0].y = 0.180483872867779
_viz_config[_viz_0].max_value = 1
_viz_config[_viz_0].min_value = -1
_viz_config[_viz_0].height = 0.3394119377584937
_viz_1 = nengo_gui.components.HTMLView(show_grad)
_viz_config[_viz_1].label_visible = False
_viz_config[_viz_1].width = 0.25456342029963996
_viz_config[_viz_1].height = 0.24569244750336292
_viz_config[_viz_1].y = 0.7867358131425378
_viz_config[_viz_1].x = 0.5687169167577258
_viz_3 = nengo_gui.components.HTMLView(show_image)
_viz_config[_viz_3].label_visible = False
_viz_config[_viz_3].width = 0.20794753086419754
_viz_config[_viz_3].height = 0.21036468641032896
_viz_config[_viz_3].y = 0.7666578926794753
_viz_config[_viz_3].x = 1.3293876169452288
_viz_ace_editor = nengo_gui.components.AceEditor()
_viz_net_graph = nengo_gui.components.NetGraph()
_viz_sim_control = nengo_gui.components.SimControl()
_viz_config[_viz_sim_control].kept_time = 4.0
_viz_config[_viz_sim_control].shown_time = 0.5
_viz_config[gradient].pos=(0.5777072675319955, 0.171194691829234)
_viz_config[gradient].size=(0.25277526741924594, 0.2550428211290174)
_viz_config[gradient].expanded=False
_viz_config[gradient].has_layout=True
_viz_config[gradient.ea_ensembles[0]].pos=(0.49999999999999994, 0.125)
_viz_config[gradient.ea_ensembles[0]].size=(0.09803921568627451, 0.0625)
_viz_config[gradient.ea_ensembles[1]].pos=(0.49999999999999994, 0.5)
_viz_config[gradient.ea_ensembles[1]].size=(0.09803921568627451, 0.0625)
_viz_config[gradient.ea_ensembles[2]].pos=(0.49999999999999994, 0.875)
_viz_config[gradient.ea_ensembles[2]].size=(0.09803921568627451, 0.0625)
_viz_config[gradient.input].pos=(0.12745098039215685, 0.5)
_viz_config[gradient.input].size=(0.07843137254901959, 0.05)
_viz_config[gradient.output].pos=(0.872549019607843, 0.5)
_viz_config[gradient.output].size=(0.07843137254901959, 0.05)
_viz_config[image].pos=(1.3283138053864336, 0.17296246230327006)
_viz_config[image].size=(0.20866518511471888, 0.25681059160305353)
_viz_config[image].expanded=False
_viz_config[image].has_layout=True
_viz_config[image.ea_ensembles[0]].pos=(0.49999999999999994, 0.6363636363636362)
_viz_config[image.ea_ensembles[0]].size=(0.09803921568627451, 0.04545454545454545)
_viz_config[image.ea_ensembles[1]].pos=(0.49999999999999994, 0.09090909090909091)
_viz_config[image.ea_ensembles[1]].size=(0.09803921568627451, 0.04545454545454545)
_viz_config[image.ea_ensembles[2]].pos=(0.49999999999999994, 0.36363636363636365)
_viz_config[image.ea_ensembles[2]].size=(0.09803921568627451, 0.04545454545454545)
_viz_config[image.ea_ensembles[3]].pos=(0.49999999999999994, 0.9090909090909091)
_viz_config[image.ea_ensembles[3]].size=(0.09803921568627451, 0.04545454545454545)
_viz_config[image.input].pos=(0.12745098039215685, 0.5)
_viz_config[image.input].size=(0.07843137254901959, 0.03636363636363636)
_viz_config[image.output].pos=(0.872549019607843, 0.5)
_viz_config[image.output].size=(0.07843137254901959, 0.03636363636363636)
_viz_config[model].pos=(0.2925546692581086, 0.15327254735651688)
_viz_config[model].size=(0.5397750937109537, 0.5397750937109537)
_viz_config[model].expanded=True
_viz_config[model].has_layout=True
_viz_config[show_grad].pos=(0.5728482181980551, 0.7910342711106846)
_viz_config[show_grad].size=(0.2576935442386832, 0.25202826076712814)
_viz_config[show_image].pos=(1.327690086081034, 0.7691885801735863)
_viz_config[show_image].size=(0.20806970164609065, 0.2396538674488734)
_viz_config[stim_gradient].pos=(-0.008001091489545614, 0.22422780605032558)
_viz_config[stim_gradient].size=(0.2532898846083182, 0.3098101616247285)